image_width: 1928
image_height: 1448
camera_name: narrow_stereo
camera_matrix:
  rows: 3
  cols: 3
  data: [2168.166875, 0, 940.2608320000001, 0, 2171.29522, 716.663451, 0, 0, 1]
distortion_model: plumb_bob
distortion_coefficients:
  rows: 1
  cols: 5
  data: [-0.206857, 0.215962, 0.00017, -0.001524, 0]
rectification_matrix:
  rows: 3
  cols: 3
  data: [1, 0, 0, 0, 1, 0, 0, 0, 1]
projection_matrix:
  rows: 3
  cols: 4
  data: [2093.819092, 0, 936.786151, 0, 0, 2125.368896, 716.5143, 0, 0, 0, 1, 0]