image_width: 1928
image_height: 1448
camera_name: narrow_stereo
camera_matrix:
  rows: 3
  cols: 3
  data: [2168.166875, 0.000000, 940.260832, 0.000000, 2171.295220, 716.663451, 0.000000, 0.000000, 1.000000]
distortion_model: plumb_bob
distortion_coefficients:
  rows: 1
  cols: 5
  data: [-0.206857, 0.215962, 0.000170, -0.001524, 0.000000]
rectification_matrix:
  rows: 3
  cols: 3
  data: [1.000000, 0.000000, 0.000000, 0.000000, 1.000000, 0.000000, 0.000000, 0.000000, 1.000000]
projection_matrix:
  rows: 3
  cols: 4
  data: [2093.819092, 0.000000, 936.786151, 0.000000, 0.000000, 2125.368896, 716.514300, 0.000000, 0.000000, 0.000000, 1.000000, 0.000000]
