# oST version 5.0 parameters


[image]

width
1928

height
1448

[narrow_stereo]

camera matrix
2168.166875 0.000000 940.260832
0.000000 2171.295220 716.663451
0.000000 0.000000 1.000000

distortion
-0.206857 0.215962 0.000170 -0.001524 0.000000

rectification
1.000000 0.000000 0.000000
0.000000 1.000000 0.000000
0.000000 0.000000 1.000000

projection
2093.819092 0.000000 936.786151 0.000000
0.000000 2125.368896 716.514300 0.000000
0.000000 0.000000 1.000000 0.000000

