# oST version 5.0 parameters


[image]

width
1624

height
1224

[narrow_stereo]

camera matrix
1423.532369 0.000000 767.589514
0.000000 1427.173094 579.889762
0.000000 0.000000 1.000000

distortion
-0.191630 0.150701 -0.001016 -0.003057 0.000000

rectification
1.000000 0.000000 0.000000
0.000000 1.000000 0.000000
0.000000 0.000000 1.000000

projection
1351.822998 0.000000 759.634975 0.000000
0.000000 1380.784546 577.174706 0.000000
0.000000 0.000000 1.000000 0.000000

