image_width: 1624
image_height: 1224
camera_name: narrow_stereo
camera_matrix:
  rows: 3
  cols: 3
  data: [1423.532369, 0.000000, 767.589514, 0.000000, 1427.173094, 579.889762, 0.000000, 0.000000, 1.000000]
distortion_model: plumb_bob
distortion_coefficients:
  rows: 1
  cols: 5
  data: [-0.191630, 0.150701, -0.001016, -0.003057, 0.000000]
rectification_matrix:
  rows: 3
  cols: 3
  data: [1.000000, 0.000000, 0.000000, 0.000000, 1.000000, 0.000000, 0.000000, 0.000000, 1.000000]
projection_matrix:
  rows: 3
  cols: 4
  data: [1351.822998, 0.000000, 759.634975, 0.000000, 0.000000, 1380.784546, 577.174706, 0.000000, 0.000000, 0.000000, 1.000000, 0.000000]
